
test_switch =

     0


patch_method =

     2

PSNR of the noisy image = 14.155905 
Iteration 1 : sigma = 50.00, PSNR = 27.34, SSIM = 0.6699
Iteration 2 : sigma = 10.57, PSNR = 27.74, SSIM = 0.7089
Iteration 3 : sigma = 10.16, PSNR = 27.80, SSIM = 0.7129
Total elapsed time = 4.538060 min

para_betta =

    0.1500


para_gamma =

    0.3500


PSNR =

   27.7955

PSNR of the noisy image = 14.155905 
Iteration 1 : sigma = 50.00, PSNR = 27.34, SSIM = 0.6699
Iteration 2 : sigma = 13.59, PSNR = 27.85, SSIM = 0.7225
Iteration 3 : sigma = 12.81, PSNR = 27.94, SSIM = 0.7302
Iteration 4 : sigma = 12.68, PSNR = 27.95, SSIM = 0.7313
Total elapsed time = 5.596154 min

para_betta =

    0.1500


para_gamma =

    0.4500


PSNR =

   27.9488

PSNR of the noisy image = 14.155905 
Iteration 1 : sigma = 50.00, PSNR = 27.34, SSIM = 0.6699
Iteration 2 : sigma = 16.61, PSNR = 27.92, SSIM = 0.7321
Iteration 3 : sigma = 15.45, PSNR = 28.00, SSIM = 0.7414
Iteration 4 : sigma = 15.26, PSNR = 28.01, SSIM = 0.7436
Total elapsed time = 5.270421 min

para_betta =

    0.1500


para_gamma =

    0.5500


PSNR =

   28.0144

PSNR of the noisy image = 14.155905 
Iteration 1 : sigma = 50.00, PSNR = 27.34, SSIM = 0.6699
Iteration 2 : sigma = 19.63, PSNR = 27.95, SSIM = 0.7388
Iteration 3 : sigma = 18.06, PSNR = 28.01, SSIM = 0.7483
Iteration 4 : sigma = 17.81, PSNR = 28.02, SSIM = 0.7508
Total elapsed time = 5.141906 min

para_betta =

    0.1500


para_gamma =

    0.6500


PSNR =

   28.0167

PSNR of the noisy image = 14.155905 
Iteration 1 : sigma = 50.00, PSNR = 27.34, SSIM = 0.6699
Iteration 2 : sigma = 12.44, PSNR = 27.56, SSIM = 0.6866
Total elapsed time = 4.051364 min

para_betta =

    0.2500


para_gamma =

    0.3500


PSNR =

   27.5576

PSNR of the noisy image = 14.155905 
Iteration 1 : sigma = 50.00, PSNR = 27.34, SSIM = 0.6699
Iteration 2 : sigma = 16.00, PSNR = 27.78, SSIM = 0.7107
Iteration 3 : sigma = 15.65, PSNR = 27.78, SSIM = 0.7103
Total elapsed time = 4.956324 min

para_betta =

    0.2500


para_gamma =

    0.4500


PSNR =

   27.7817

PSNR of the noisy image = 14.155905 
Iteration 1 : sigma = 50.00, PSNR = 27.34, SSIM = 0.6699
Iteration 2 : sigma = 19.55, PSNR = 27.89, SSIM = 0.7260
Iteration 3 : sigma = 18.91, PSNR = 27.92, SSIM = 0.7294
Total elapsed time = 5.005318 min

para_betta =

    0.2500


para_gamma =

    0.5500


PSNR =

   27.9231

PSNR of the noisy image = 14.155905 
Iteration 1 : sigma = 50.00, PSNR = 27.34, SSIM = 0.6699
Iteration 2 : sigma = 23.11, PSNR = 27.96, SSIM = 0.7379
Iteration 3 : sigma = 22.15, PSNR = 28.01, SSIM = 0.7432
Total elapsed time = 5.045349 min

para_betta =

    0.2500


para_gamma =

    0.6500


PSNR =

   28.0130

PSNR of the noisy image = 14.155905 
Iteration 1 : sigma = 50.00, PSNR = 27.34, SSIM = 0.6699
Iteration 2 : sigma = 13.87, PSNR = 27.50, SSIM = 0.6779
Total elapsed time = 5.641648 min

para_betta =

    0.3500


para_gamma =

    0.3500


PSNR =

   27.5037

PSNR of the noisy image = 14.155905 
Iteration 1 : sigma = 50.00, PSNR = 27.34, SSIM = 0.6699
Iteration 2 : sigma = 17.84, PSNR = 27.97, SSIM = 0.7291
Total elapsed time = 5.727230 min

para_betta =

    0.3500


para_gamma =

    0.4500


PSNR =

   27.9674

PSNR of the noisy image = 14.155905 
Operation terminated by user during Block_matching (line
131)


In HOSVD_Denoising (line 32)
    [blk_arr, allPatches] = Block_matching( resultImage,
    par, noiseImage, 1, blk_arr);

In Image_HOSVD_Denoising (line 37)
[resultImage,PSNR] = HOSVD_Denoising(par);

In main (line 53)
%        [result_img, PSNR] = Image_HOSVD_Denoising(255 *
new_img, 255 * img, para_sigma, para_betta, para_gamma,
para_patch_size, para_patch_stack, para_iteration,
patch_method);

In run (line 91)
evalin('caller', strcat(scri
